729,396
728,397
726,398
724,399
722,400
719,401
717,402
715,403
712,404
710,405
708,406
706,407
704,408
702,409
700,410
698,411
696,412
694,413
692,414
689,415
687,416
685,417
683,418
681,419
679,420
677,422
674,423
672,425
669,427
666,429
663,431
660,433
657,435
653,437
649,440
645,444
639,449
634,455
629,460
624,466
620,470
618,474
616,477
614,480
612,483
610,486
609,491
607,497
606,504
605,512
604,520
604,528
605,537
606,545
607,552
609,558
610,562
612,566
613,569
615,571
616,573
617,576
618,578
620,580
622,583
624,586
627,590
630,594
633,597
635,600
638,602
640,603
642,605
645,606
647,608
649,609
651,610
653,611
656,612
658,613
660,614
662,615
664,616
667,617
670,618
673,619
678,620
682,621
688,622
694,623
700,624
707,625
713,626
720,627
727,628
735,629
744,631
755,631
766,632
778,632
789,631
800,631
809,629
817,628
823,627
828,626
832,625
836,624
841,623
845,622
849,621
853,620
857,619
861,618
865,617
869,616
873,615
877,614
880,613
884,612
888,611
891,610
895,609
898,608
901,607
904,606
908,605
911,604
915,603
919,602
923,601
927,600
931,599
935,598
939,597
942,596
946,595
949,594
953,593
956,592
959,591
962,590
965,589
968,588
972,587
975,586
979,585
983,584
987,583
991,582
994,581
998,580
1002,579
1006,578
1010,577
1015,576
1020,575
1026,574
1034,573
1045,573
1056,573
1066,573
1076,574
1084,575
1091,576
1097,577
1103,578
1107,579
1111,580
1115,581
1119,582
1123,583
1128,584
1133,585
1139,586
1145,587
1151,588
1157,589
1163,590
1169,591
1174,592
1180,593
1186,594
1193,595
1199,596
1206,597
1213,598
1220,599
1227,600
1235,600
1243,600
1251,600
1259,599
1266,598
1272,597
1276,596
1279,595
1281,594
1283,593
1286,592
1288,591
1290,590
1292,589
1295,587
1298,586
1301,584
1305,582
1309,579
1313,575
1318,571
1323,567
1327,562
1331,558
1334,554
1337,550
1338,547
1340,544
1341,542
1342,539
1343,536
1344,533
1345,529
1345,524
1345,517
1345,510
1344,503
1343,497
1342,493
1341,490
1340,488
1339,486
1338,483
1337,481
1336,479
1335,477
1333,475
1331,472
1329,468
1326,465
1323,461
1319,457
1315,453
1311,449
1306,445
1302,442
1299,440
1296,438
1294,436
1291,435
1289,434
1286,433
1284,432
1281,431
1278,430
1275,429
1272,428
1269,427
1265,426
1262,425
1258,424
1253,423
1247,422
1239,421
1227,420
1208,419
1184,419
1155,419
1125,418
1098,418
1077,418
1063,417
1054,416
1047,415
1043,414
1038,413
1033,412
1029,411
1024,410
1019,409
1014,408
1009,407
1004,406
999,405
994,404
990,403
986,402
982,401
978,400
975,399
971,398
967,397
964,396
959,395
951,394
940,392
925,391
905,390
882,389
858,388
834,388
810,389
789,389
772,390
763,391
