921,152
920,153
918,156
916,159
914,163
911,169
909,176
907,186
905,198
904,213
903,230
902,250
901,271
901,293
902,314
902,334
903,351
904,366
906,377
907,386
908,392
909,397
910,401
911,404
912,406
913,409
914,412
915,415
916,418
917,420
918,423
919,426
920,429
921,431
922,434
923,436
924,439
925,441
926,444
927,447
928,449
929,452
930,455
931,458
932,461
933,464
934,468
935,471
936,473
937,476
938,479
939,482
940,485
941,489
942,492
943,496
944,500
945,504
946,508
947,512
948,516
949,521
950,526
951,531
952,538
953,546
954,557
954,570
955,586
955,604
955,625
955,646
955,667
954,686
954,705
954,721
954,736
954,749
955,760
955,769
956,777
957,783
958,789
959,793
960,797
961,801
962,804
963,807
964,810
965,812
966,815
967,817
968,820
970,823
972,826
974,829
977,833
980,837
984,841
988,845
992,849
996,853
1000,856
1003,858
1006,860
1009,862
1011,864
1013,865
1016,866
1018,867
1021,868
1024,869
1027,870
1031,871
1035,871
1039,871
1043,871
1047,870
1050,869
1054,868
1057,867
1059,866
1062,865
1064,864
1067,863
1069,862
1072,861
1074,860
1077,858
1080,857
1082,855
1085,854
1088,852
1091,849
1094,846
1097,844
1100,841
1102,838
1104,835
1106,832
1107,830
1109,827
1110,825
1111,822
1112,820
1113,817
1114,814
1115,811
1116,808
1117,805
1118,802
1119,799
1120,795
1121,791
1122,787
1123,783
1124,778
1125,773
1126,766
1127,758
1128,749
1128,738
1129,725
1129,711
1129,695
1129,679
1129,662
1128,644
1128,627
1127,610
1127,595
1127,580
1127,567
1127,556
1128,545
1128,536
1129,526
1130,517
1131,509
1132,502
1133,495
1134,489
1135,484
1136,479
1137,475
1138,471
1139,467
1140,463
1141,459
1142,455
1143,452
1144,448
1145,445
1146,441
1147,438
1148,434
1149,429
1150,424
1151,419
1151,413
1151,407
1151,402
1150,396
1150,391
1149,387
1149,383
1148,380
1148,377
1148,374
1148,371
1148,368
1147,364
1146,359
1145,354
1144,348
1143,341
1142,334
1141,328
1140,321
1139,315
1138,310
1137,305
1136,300
1135,296
1134,292
1133,288
1132,284
1131,281
1130,277
1129,273
1128,270
1127,267
1126,263
1125,260
1124,258
1123,255
1122,252
1121,250
1120,248
1119,245
1118,243
1117,241
1116,239
1115,236
1114,234
1113,232
1112,230
1111,228
1110,226
1109,223
1108,221
1107,219
1106,217
1105,215
1103,213
1102,211
1101,208
1099,206
1098,203
1096,201
1095,198
1093,196
1092,193
1090,191
1088,188
1086,185
1084,182
1081,178
1077,173
1072,168
1066,163
1059,157
1050,151
1040,146
1030,141
1019,138
1007,136
996,134
985,134
975,133
966,134
960,134
957,134
