734,388
734,394
730,398
726,398
724,400
722,400
720,402
718,402
716,404
712,404
710,406
708,406
706,408
704,408
702,410
700,410
698,412
696,412
694,414
692,414
690,416
688,416
686,418
684,418
682,420
680,420
678,422
676,422
672,426
670,426
666,430
664,430
660,434
658,434
654,438
652,438
646,444
644,444
630,458
630,460
620,470
620,472
616,476
616,478
614,480
614,482
610,486
604,486
604,564
610,564
614,568
614,570
616,572
616,574
618,576
618,578
620,580
620,582
624,586
624,588
634,598
634,600
636,602
638,602
640,604
642,604
646,608
648,608
650,610
652,610
654,612
656,612
658,614
660,614
662,616
664,616
666,618
670,618
672,620
678,620
680,622
688,622
690,624
704,624
706,626
718,626
720,628
720,634
826,634
826,628
828,626
832,626
834,624
844,624
846,622
850,622
852,620
860,620
862,618
866,618
868,616
874,616
876,614
882,614
884,612
890,612
892,610
896,610
898,608
902,608
904,606
908,606
910,604
916,604
918,602
926,602
928,600
932,600
934,598
940,598
942,596
948,596
950,594
954,594
956,592
960,592
962,590
966,590
968,588
972,588
974,586
980,586
982,584
988,584
990,582
996,582
998,580
1004,580
1006,578
1012,578
1014,576
1018,576
1020,574
1032,574
1034,572
1066,572
1068,574
1082,574
1084,576
1096,576
1098,578
1106,578
1108,580
1112,580
1114,582
1120,582
1122,584
1128,584
1130,586
1140,586
1142,588
1156,588
1158,590
1166,590
1168,592
1174,592
1176,594
1190,594
1192,596
1202,596
1204,598
1214,598
1216,600
1232,600
1234,602
1242,602
1244,600
1268,600
1270,598
1276,598
1278,596
1280,596
1282,594
1284,594
1286,592
1288,592
1290,590
1292,590
1294,588
1298,588
1302,584
1304,584
1308,580
1310,580
1320,570
1322,570
1332,560
1332,558
1338,552
1338,550
1340,548
1340,544
1342,542
1342,540
1344,538
1344,534
1346,532
1346,530
1348,528
1354,528
1354,502
1348,502
1344,498
1344,494
1342,492
1342,490
1340,488
1340,486
1338,484
1338,482
1336,480
1336,478
1334,476
1334,474
1328,468
1328,466
1324,462
1324,460
1314,450
1312,450
1304,442
1302,442
1298,438
1296,438
1294,436
1292,436
1290,434
1286,434
1284,432
1282,432
1280,430
1276,430
1274,428
1268,428
1266,426
1262,426
1260,424
1254,424
1252,422
1244,422
1242,420
1222,420
1220,418
1136,418
1134,420
1064,420
1062,418
1054,418
1052,416
1046,416
1044,414
1038,414
1036,412
1028,412
1026,410
1018,410
1016,408
1008,408
1006,406
996,406
994,404
990,404
988,402
982,402
980,400
974,400
972,398
966,398
964,396
962,396
960,394
960,388

