688,308
686,310
684,310
680,314
678,314
676,316
674,316
668,322
666,322
652,336
652,338
648,342
648,344
644,348
644,350
640,354
640,356
638,358
638,360
636,362
636,364
634,366
634,368
630,372
630,374
628,376
628,378
626,380
626,384
624,386
624,388
622,390
622,392
620,394
620,398
618,400
618,402
616,404
616,406
614,408
614,410
612,412
612,418
610,420
610,424
608,426
608,432
606,434
606,438
604,440
604,442
602,444
602,444
599,466
597,488
596,511
596,533
596,556
596,578
597,601
599,623
602,646
602,646
606,650
606,652
608,654
608,658
610,660
610,662
612,664
612,668
614,670
614,672
616,674
616,678
618,680
618,682
620,684
620,688
622,690
622,694
624,696
624,698
626,700
626,704
628,706
628,708
630,710
630,714
632,716
632,718
634,720
634,722
636,724
636,726
638,728
638,732
640,734
640,738
642,740
642,744
644,746
644,752
646,754
646,764
648,766
648,772
650,774
650,780
652,782
652,790
654,792
654,802
656,804
656,816
658,818
658,834
660,836
660,872
662,874
662,892
664,894
664,924
666,926
666,930
668,932
668,938
670,940
670,944
672,946
672,952
674,954
674,960
676,962
676,970
678,972
678,978
680,980
680,984
682,986
682,990
684,992
684,994
686,996
686,998
688,1000
688,1002
690,1004
690,1006
694,1010
694,1012
698,1016
698,1018
706,1026
708,1026
716,1034
718,1034
720,1036
722,1036
724,1038
726,1038
728,1040
730,1040
734,1044
734,1044
741,1046
749,1048
756,1049
764,1049
771,1049
779,1049
786,1048
794,1046
802,1044
802,1044
804,1042
806,1042
808,1040
812,1040
814,1038
816,1038
818,1036
820,1036
832,1024
832,1022
836,1018
836,1016
838,1014
838,1012
840,1010
840,1008
842,1006
842,1004
844,1002
844,1000
846,998
846,994
848,992
848,988
850,986
850,980
852,978
852,970
852,970
852,965
853,960
853,956
853,951
853,946
853,942
853,937
852,932
852,928
852,928
852,912
850,910
850,894
848,892
848,882
846,880
846,870
844,868
844,858
842,856
842,846
840,844
840,836
838,834
838,826
836,824
836,818
834,816
834,808
832,806
832,802
830,800
830,796
828,794
828,790
826,788
826,780
824,778
824,772
822,770
822,766
820,764
820,760
818,758
818,752
816,750
816,746
814,744
814,690
816,688
816,676
818,674
818,660
820,658
820,646
822,644
822,636
824,634
824,630
826,628
826,620
828,618
828,614
830,612
830,608
832,606
832,602
834,600
834,596
836,594
836,588
838,586
838,574
840,572
840,560
842,558
842,520
840,518
840,498
838,496
838,474
836,472
836,458
834,456
834,442
832,440
832,428
830,426
830,418
828,416
828,404
826,402
826,392
824,390
824,382
822,380
822,370
820,368
820,356
818,354
818,346
816,344
816,342
814,340
814,338
812,336
812,334
810,332
810,330
808,328
808,326
804,322
804,320
790,306
790,306
778,303
767,301
756,300
744,299
733,300
722,301
710,302
699,305
688,308
